0  24  1
0  25  1
0  26  1
0  32  1
0  33  1
0  34  1
0  35  1
0  46  1
0  50  1
0  51  1
0  56  1
0  58  1
1  9  1
1  24  1
1  25  1
1  26  1
1  32  1
1  33  1
1  35  1
1  50  1
1  51  1
1  56  1
1  58  1
2  20  1
2  24  1
2  25  1
2  26  1
2  32  1
2  33  1
2  35  1
2  50  1
2  51  1
2  56  1
2  58  1
3  2  1
3  19  1
3  20  1
3  24  1
3  25  1
3  26  1
3  32  1
3  33  1
3  34  1
3  35  1
3  47  1
3  50  1
3  51  1
3  56  1
3  58  1
4  2  1
4  19  1
4  20  1
4  26  1
4  32  1
4  33  1
4  34  1
4  35  1
4  47  1
4  50  1
4  52  1
4  56  1
4  58  1
5  12  1
5  19  1
5  20  1
5  26  1
5  33  1
5  34  1
5  35  1
5  39  1
5  47  1
5  50  1
5  52  1
5  53  1
5  56  1
5  58  1
6  12  1
6  19  1
6  20  1
6  26  1
6  27  1
6  34  1
6  35  1
6  36  1
6  39  1
6  41  1
6  49  1
6  50  1
6  51  1
6  52  1
6  53  1
6  56  1
6  61  1
7  9  1
7  24  1
7  25  1
7  26  1
7  32  1
7  35  1
7  40  1
7  46  1
7  47  1
7  50  1
7  51  1
7  55  1
7  56  1
7  58  1
8  9  1
8  17  1
8  24  1
8  25  1
8  26  1
8  32  1
8  35  1
8  46  1
8  47  1
8  50  1
8  51  1
8  55  1
8  56  1
8  58  1
9  24  1
9  25  1
9  26  1
9  32  1
9  33  1
9  35  1
9  47  1
9  50  1
9  51  1
9  52  1
9  55  1
9  56  1
9  58  1
10  19  1
10  20  1
10  24  1
10  25  1
10  26  1
10  32  1
10  33  1
10  34  1
10  35  1
10  47  1
10  50  1
10  52  1
10  55  1
10  56  1
10  57  1
10  58  1
11  20  1
11  25  1
11  26  1
11  34  1
11  35  1
11  47  1
11  50  1
11  52  1
11  53  1
11  55  1
11  56  1
11  58  1
12  19  1
12  20  1
12  26  1
12  34  1
12  35  1
12  47  1
12  50  1
12  52  1
12  53  1
12  55  1
12  56  1
12  59  1
13  12  1
13  19  1
13  20  1
13  26  1
13  34  1
13  35  1
13  41  1
13  47  1
13  51  1
13  52  1
13  53  1
13  56  1
13  59  1
14  16  1
14  26  1
14  32  1
14  35  1
14  46  1
14  47  1
14  50  1
14  51  1
14  55  1
14  56  1
14  58  1
15  17  1
15  24  1
15  25  1
15  26  1
15  32  1
15  35  1
15  46  1
15  47  1
15  50  1
15  51  1
15  52  1
15  55  1
15  56  1
15  58  1
16  17  1
16  24  1
16  25  1
16  26  1
16  32  1
16  35  1
16  47  1
16  50  1
16  51  1
16  52  1
16  55  1
16  56  1
16  58  1
17  24  1
17  25  1
17  26  1
17  35  1
17  47  1
17  50  1
17  51  1
17  52  1
17  55  1
17  56  1
17  57  1
17  58  1
18  19  1
18  20  1
18  26  1
18  34  1
18  35  1
18  47  1
18  50  1
18  51  1
18  52  1
18  55  1
18  56  1
18  57  1
18  58  1
18  59  1
19  12  1
19  20  1
19  26  1
19  33  1
19  34  1
19  35  1
19  47  1
19  50  1
19  51  1
19  52  1
19  53  1
19  55  1
19  56  1
19  57  1
19  58  1
19  59  1
20  12  1
20  19  1
20  26  1
20  33  1
20  34  1
20  35  1
20  47  1
20  50  1
20  51  1
20  52  1
20  53  1
20  55  1
20  56  1
20  58  1
20  59  1
21  25  1
21  26  1
21  32  1
21  33  1
21  35  1
21  46  1
21  49  1
21  50  1
21  51  1
21  56  1
22  4  1
22  19  1
22  25  1
22  26  1
22  32  1
22  33  1
22  34  1
22  35  1
22  49  1
22  50  1
22  51  1
22  56  1
23  4  1
23  12  1
23  19  1
23  22  1
23  25  1
23  26  1
23  33  1
23  34  1
23  35  1
23  49  1
23  50  1
23  51  1
23  53  1
23  56  1
24  25  1
24  26  1
24  32  1
24  33  1
24  35  1
24  46  1
24  49  1
24  50  1
24  51  1
24  56  1
25  26  1
25  32  1
25  33  1
25  35  1
25  46  1
25  49  1
25  50  1
25  51  1
25  56  1
26  2  1
26  4  1
26  12  1
26  19  1
26  20  1
26  24  1
26  25  1
26  32  1
26  33  1
26  34  1
26  35  1
26  41  1
26  49  1
26  50  1
26  51  1
26  56  1
26  58  1
27  4  1
27  12  1
27  19  1
27  20  1
27  26  1
27  33  1
27  34  1
27  35  1
27  49  1
27  50  1
27  51  1
27  53  1
27  56  1
27  58  1
27  61  1
28  4  1
28  19  1
28  26  1
28  33  1
28  34  1
28  35  1
28  49  1
28  51  1
28  52  1
28  53  1
28  56  1
29  24  1
29  25  1
29  26  1
29  32  1
29  33  1
29  35  1
29  46  1
29  49  1
29  50  1
29  51  1
29  56  1
30  24  1
30  25  1
30  26  1
30  32  1
30  33  1
30  35  1
30  49  1
30  50  1
30  51  1
30  56  1
30  58  1
31  20  1
31  26  1
31  32  1
31  33  1
31  34  1
31  35  1
31  49  1
31  50  1
31  51  1
31  56  1
31  58  1
32  24  1
32  25  1
32  26  1
32  33  1
32  35  1
32  49  1
32  50  1
32  51  1
32  56  1
32  58  1
33  2  1
33  25  1
33  26  1
33  32  1
33  34  1
33  35  1
33  49  1
33  50  1
33  51  1
33  56  1
33  58  1
34  2  1
34  20  1
34  26  1
34  32  1
34  33  1
34  35  1
34  49  1
34  50  1
34  51  1
34  56  1
34  58  1
35  19  1
35  20  1
35  25  1
35  26  1
35  32  1
35  33  1
35  34  1
35  49  1
35  50  1
35  51  1
35  56  1
35  58  1
36  19  1
36  20  1
36  26  1
36  33  1
36  34  1
36  35  1
36  39  1
36  41  1
36  49  1
36  50  1
36  51  1
36  52  1
36  53  1
36  56  1
36  58  1
36  61  1
37  19  1
37  20  1
37  26  1
37  31  1
37  33  1
37  34  1
37  35  1
37  49  1
37  51  1
37  52  1
37  53  1
37  56  1
37  57  1
37  58  1
38  9  1
38  24  1
38  25  1
38  26  1
38  32  1
38  33  1
38  35  1
38  42  1
38  46  1
38  49  1
38  50  1
38  51  1
38  56  1
38  58  1
39  12  1
39  19  1
39  20  1
39  26  1
39  33  1
39  34  1
39  35  1
39  41  1
39  49  1
39  51  1
39  52  1
39  53  1
39  56  1
39  57  1
40  9  1
40  16  1
40  24  1
40  25  1
40  26  1
40  32  1
40  35  1
40  42  1
40  44  1
40  46  1
40  47  1
40  49  1
40  50  1
40  51  1
40  56  1
40  58  1
41  19  1
41  24  1
41  25  1
41  26  1
41  35  1
41  50  1
41  51  1
41  52  1
41  53  1
41  57  1
41  58  1
41  59  1
42  12  1
42  16  1
42  24  1
42  25  1
42  34  1
42  35  1
42  44  1
42  46  1
42  47  1
42  49  1
42  50  1
42  51  1
42  55  1
42  56  1
42  58  1
43  9  1
43  16  1
43  22  1
43  27  1
43  33  1
43  39  1
43  47  1
43  49  1
43  50  1
43  51  1
43  52  1
43  53  1
43  56  1
43  59  1
44  12  1
44  16  1
44  34  1
44  35  1
44  46  1
44  47  1
44  49  1
44  50  1
44  51  1
44  56  1
44  58  1
45  19  1
45  20  1
45  25  1
45  31  1
45  33  1
45  34  1
45  35  1
45  47  1
45  50  1
45  51  1
45  52  1
45  53  1
45  56  1
45  58  1
45  59  1
46  9  1
46  16  1
46  31  1
46  34  1
46  47  1
46  49  1
46  50  1
46  51  1
46  56  1
46  58  1
47  16  1
47  46  1
47  51  1
47  55  1
47  56  1
47  58  1
48  16  1
48  47  1
48  50  1
48  51  1
48  55  1
48  56  1
48  58  1
49  26  1
49  47  1
49  50  1
49  51  1
49  55  1
49  56  1
49  57  1
49  58  1
50  26  1
50  33  1
50  47  1
50  51  1
50  52  1
50  55  1
50  56  1
50  57  1
50  58  1
51  12  1
51  26  1
51  31  1
51  33  1
51  47  1
51  50  1
51  52  1
51  55  1
51  56  1
51  57  1
51  58  1
51  59  1
52  26  1
52  31  1
52  33  1
52  47  1
52  50  1
52  51  1
52  53  1
52  55  1
52  56  1
52  57  1
52  58  1
53  31  1
53  33  1
53  47  1
53  50  1
53  51  1
53  52  1
53  55  1
53  56  1
53  57  1
53  58  1
54  31  1
54  33  1
54  47  1
54  50  1
54  51  1
54  52  1
54  53  1
54  55  1
54  56  1
54  58  1
55  16  1
55  31  1
55  47  1
55  49  1
55  51  1
55  56  1
55  57  1
55  58  1
56  47  1
56  51  1
56  55  1
56  57  1
56  58  1
57  31  1
57  33  1
57  47  1
57  51  1
57  55  1
57  56  1
57  58  1
58  26  1
58  31  1
58  33  1
58  47  1
58  51  1
58  55  1
58  56  1
58  57  1
59  24  1
59  31  1
59  47  1
59  50  1
59  51  1
59  53  1
59  54  1
59  55  1
59  56  1
59  57  1
59  58  1
60  31  1
60  47  1
60  51  1
60  53  1
60  55  1
60  56  1
60  57  1
60  58  1
61  31  1
61  47  1
61  51  1
61  55  1
61  56  1
61  57  1
61  58  1
62  31  1
62  47  1
62  51  1
62  55  1
62  56  1
62  57  1
62  58  1
63  31  1
63  47  1
63  49  1
63  51  1
63  55  1
63  56  1
63  57  1
63  58  1
63  61  1
0  26  1
0  32  1
0  35  1
1  26  1
1  32  1
1  35  1
2  26  1
2  32  1
2  33  1
2  35  1
2  50  1
3  26  1
3  33  1
3  50  1
4  26  1
4  34  1
4  50  1
5  26  1
5  34  1
6  26  1
6  34  1
6  52  1
6  53  1
7  26  1
7  47  1
7  56  1
8  26  1
8  56  1
9  26  1
9  50  1
9  56  1
10  26  1
10  50  1
10  56  1
11  26  1
11  50  1
11  56  1
12  26  1
12  52  1
12  56  1
13  52  1
13  53  1
13  56  1
14  47  1
14  56  1
14  58  1
15  56  1
15  58  1
16  50  1
16  56  1
16  58  1
17  47  1
17  50  1
17  56  1
18  47  1
18  50  1
18  52  1
18  56  1
19  52  1
19  56  1
20  52  1
20  53  1
20  56  1
21  26  1
21  33  1
21  35  1
22  26  1
22  33  1
23  26  1
24  26  1
24  32  1
24  35  1
24  50  1
25  26  1
25  35  1
26  33  1
26  35  1
26  50  1
27  26  1
27  34  1
28  26  1
29  26  1
29  35  1
29  50  1
30  26  1
30  32  1
30  35  1
31  26  1
31  35  1
32  26  1
32  35  1
33  26  1
33  50  1
34  26  1
35  26  1
36  26  1
36  34  1
37  26  1
38  26  1
38  50  1
38  56  1
39  26  1
39  51  1
39  52  1
40  25  1
40  56  1
41  51  1
41  52  1
41  53  1
42  50  1
43  53  1
44  46  1
44  56  1
44  58  1
45  51  1
45  52  1
45  53  1
45  56  1
46  51  1
46  56  1
46  58  1
47  56  1
47  58  1
48  55  1
48  56  1
48  58  1
49  47  1
49  55  1
49  56  1
49  58  1
50  47  1
50  56  1
50  58  1
51  47  1
51  56  1
51  58  1
52  56  1
52  58  1
53  56  1
53  58  1
54  51  1
54  53  1
54  56  1
54  58  1
55  56  1
55  58  1
56  58  1
57  47  1
57  55  1
57  56  1
57  58  1
58  56  1
59  47  1
59  51  1
59  56  1
59  58  1
60  56  1
60  58  1
61  51  1
61  56  1
61  57  1
61  58  1
62  51  1
62  56  1
62  58  1
63  51  1
63  56  1
63  57  1
63  58  1
0  26  1
0  32  1
0  35  1
1  26  1
1  32  1
1  35  1
2  26  1
2  32  1
2  33  1
2  35  1
2  50  1
3  26  1
3  33  1
3  50  1
4  26  1
4  34  1
4  50  1
5  26  1
5  34  1
6  26  1
6  34  1
6  52  1
6  53  1
7  26  1
7  47  1
7  56  1
8  26  1
8  56  1
9  26  1
9  50  1
9  56  1
10  26  1
10  50  1
10  56  1
11  26  1
11  50  1
11  56  1
12  26  1
12  52  1
12  56  1
13  52  1
13  53  1
13  56  1
14  47  1
14  56  1
14  58  1
15  56  1
15  58  1
16  50  1
16  56  1
16  58  1
17  47  1
17  50  1
17  56  1
18  47  1
18  50  1
18  52  1
18  56  1
19  52  1
19  56  1
20  52  1
20  53  1
20  56  1
21  26  1
21  33  1
21  35  1
22  26  1
22  33  1
23  26  1
24  26  1
24  32  1
24  35  1
24  50  1
25  26  1
25  35  1
26  33  1
26  35  1
26  50  1
27  26  1
27  34  1
28  26  1
29  26  1
29  35  1
29  50  1
30  26  1
30  32  1
30  35  1
31  26  1
31  35  1
32  26  1
32  35  1
33  26  1
33  50  1
34  26  1
35  26  1
36  26  1
36  34  1
37  26  1
38  26  1
38  50  1
38  56  1
39  26  1
39  51  1
39  52  1
40  25  1
40  56  1
41  51  1
41  52  1
41  53  1
42  50  1
43  53  1
44  46  1
44  56  1
44  58  1
45  51  1
45  52  1
45  53  1
45  56  1
46  51  1
46  56  1
46  58  1
47  56  1
47  58  1
48  55  1
48  56  1
48  58  1
49  47  1
49  55  1
49  56  1
49  58  1
50  47  1
50  56  1
50  58  1
51  47  1
51  56  1
51  58  1
52  56  1
52  58  1
53  56  1
53  58  1
54  51  1
54  53  1
54  56  1
54  58  1
55  56  1
55  58  1
56  58  1
57  47  1
57  55  1
57  56  1
57  58  1
58  56  1
59  47  1
59  51  1
59  56  1
59  58  1
60  56  1
60  58  1
61  51  1
61  56  1
61  57  1
61  58  1
62  51  1
62  56  1
62  58  1
63  51  1
63  56  1
63  57  1
63  58  1
