0  35  1
0  47  1
0  56  1
0  59  1
1  35  1
1  56  1
2  50  1
2  56  1
3  50  1
3  56  1
3  59  1
4  52  1
4  56  1
4  59  1
5  52  1
5  56  1
5  59  1
6  52  1
6  56  1
6  59  1
7  56  1
8  55  1
8  56  1
9  55  1
9  56  1
10  50  1
10  55  1
10  56  1
11  52  1
11  55  1
11  56  1
12  52  1
12  55  1
12  56  1
13  52  1
13  53  1
13  56  1
14  56  1
14  58  1
15  55  1
15  56  1
15  58  1
16  55  1
16  56  1
16  58  1
17  55  1
17  56  1
17  58  1
18  52  1
18  55  1
18  56  1
18  58  1
19  52  1
19  55  1
19  56  1
19  58  1
20  52  1
20  56  1
20  58  1
21  35  1
21  47  1
21  56  1
21  59  1
21  61  1
22  56  1
22  59  1
22  61  1
23  56  1
23  59  1
23  61  1
24  35  1
24  47  1
24  56  1
24  59  1
25  35  1
25  47  1
25  56  1
25  59  1
26  50  1
26  56  1
26  59  1
26  61  1
27  56  1
27  59  1
27  61  1
28  56  1
28  59  1
28  61  1
29  35  1
29  47  1
29  56  1
29  59  1
30  35  1
30  47  1
30  56  1
31  35  1
31  56  1
31  59  1
32  35  1
32  56  1
32  59  1
33  56  1
33  59  1
34  56  1
34  59  1
35  56  1
35  59  1
36  52  1
36  56  1
36  59  1
36  61  1
37  56  1
37  59  1
37  61  1
38  47  1
38  56  1
38  59  1
39  52  1
39  56  1
39  59  1
39  61  1
40  47  1
40  56  1
41  52  1
41  53  1
41  55  1
41  56  1
42  47  1
42  56  1
43  53  1
43  56  1
43  59  1
44  47  1
44  56  1
44  58  1
45  56  1
45  58  1
46  47  1
46  56  1
46  58  1
47  56  1
47  58  1
48  56  1
48  58  1
49  55  1
49  56  1
49  57  1
49  58  1
50  55  1
50  56  1
50  57  1
50  58  1
51  56  1
51  58  1
52  56  1
52  58  1
53  56  1
53  58  1
54  56  1
54  58  1
54  59  1
55  47  1
55  50  1
55  56  1
55  58  1
56  47  1
56  58  1
57  56  1
57  58  1
58  56  1
59  56  1
59  58  1
59  61  1
60  47  1
60  50  1
60  56  1
60  57  1
60  58  1
61  47  1
61  50  1
61  56  1
61  57  1
61  58  1
62  56  1
62  58  1
62  61  1
63  47  1
63  56  1
63  58  1
63  61  1
