0  26  1
0  32  1
0  35  1
1  26  1
1  32  1
1  35  1
2  26  1
2  32  1
2  33  1
2  35  1
2  50  1
3  26  1
3  33  1
3  50  1
4  26  1
4  34  1
4  50  1
5  26  1
5  34  1
6  26  1
6  34  1
6  52  1
6  53  1
7  26  1
7  47  1
7  56  1
8  26  1
8  56  1
9  26  1
9  50  1
9  56  1
10  26  1
10  50  1
10  56  1
11  26  1
11  50  1
11  56  1
12  26  1
12  52  1
12  56  1
13  52  1
13  53  1
13  56  1
14  47  1
14  56  1
14  58  1
15  56  1
15  58  1
16  50  1
16  56  1
16  58  1
17  47  1
17  50  1
17  56  1
18  47  1
18  50  1
18  52  1
18  56  1
19  52  1
19  56  1
20  52  1
20  53  1
20  56  1
21  26  1
21  33  1
21  35  1
22  26  1
22  33  1
23  26  1
24  26  1
24  32  1
24  35  1
24  50  1
25  26  1
25  35  1
26  33  1
26  35  1
26  50  1
27  26  1
27  34  1
28  26  1
29  26  1
29  35  1
29  50  1
30  26  1
30  32  1
30  35  1
31  26  1
31  35  1
32  26  1
32  35  1
33  26  1
33  50  1
34  26  1
35  26  1
36  26  1
36  34  1
37  26  1
38  26  1
38  50  1
38  56  1
39  26  1
39  51  1
39  52  1
40  25  1
40  56  1
41  51  1
41  52  1
41  53  1
42  50  1
43  53  1
44  46  1
44  56  1
44  58  1
45  51  1
45  52  1
45  53  1
45  56  1
46  51  1
46  56  1
46  58  1
47  56  1
47  58  1
48  55  1
48  56  1
48  58  1
49  47  1
49  55  1
49  56  1
49  58  1
50  47  1
50  56  1
50  58  1
51  47  1
51  56  1
51  58  1
52  56  1
52  58  1
53  56  1
53  58  1
54  51  1
54  53  1
54  56  1
54  58  1
55  56  1
55  58  1
56  58  1
57  47  1
57  55  1
57  56  1
57  58  1
58  56  1
59  47  1
59  51  1
59  56  1
59  58  1
60  56  1
60  58  1
61  51  1
61  56  1
61  57  1
61  58  1
62  51  1
62  56  1
62  58  1
63  51  1
63  56  1
63  57  1
63  58  1
